4294967278,314
4294967294,127
4294967294,126
4294967294,18
4294967278,138
4294967279,270
4294967278,265
4294967278,434
4294967278,433
4294967279,555
4294967294,507
4294967278,332
4294967278,422
4294967279,524
4294967294,438
4294967278,329
4294967278,421
4294967278,432
4294967279,554
4294967279,395
4294967279,522
4294967279,553
4294967279,552
4294967278,431
4294967294,387
46,4
46,3
46,2
46,1
4294967279,551
4294967279,156
4294967294,1859
4294967294,466
4294967279,309
4294967294,1780
4294967294,1779
45,5
45,4
4294967278,141
45,3
45,2
45,1
4294967294,1778
4294967279,550
4294967278,135
4294967294,114
4294967294,1056
4294967278,430
4294967278,272
4294967278,271
44,9
44,8
4294967278,270
44,7
44,6
44,5
44,4
44,3
44,2
44,1
4294967279,549
4294967279,548
4294967278,258
4294967278,257
4294967279,259
4294967279,258
4294967279,547
4294967279,454
4294967278,403
4294967278,252
4294967278,250
4294967294,465
4294967294,1439
4294967294,1695
4294967294,1713
4294967294,108
4294967279,546
4294967278,230
41,4
41,3
41,2
41,1
4294967294,1777
4294967279,228
40,6
40,5
40,4
40,3
40,2
40,1
4294967294,464
4294967279,545
4294967278,201
4294967294,1774
4294967294,1408
4294967294,1770
4,0
4,7
4294967279,544
4294967278,429
38,6
38,5
38,4
38,3
38,2
38,1
4294967278,173
4294967279,167
4294967278,313
36,6
36,5
36,4
36,3
36,2
36,1
5,0
5,5
4294967294,1055
4294967279,521
4294967294,463
30,5
4294967278,140
29,5
4294967278,136
4294967294,1054
4294967278,134
4294967278,268
4294967278,278
4294967294,462
4294967279,520
4294967279,543
4294967279,284
4294967294,1409
4294967278,428
4294967278,387
4294967279,458
4294967278,427
4294967278,367
4294967279,238
4294967294,461
4294967279,232
4294967279,542
4294967278,426
4294967278,357
4294967279,541
4294967278,207
4294967294,1762
4294967279,426
4294967278,419
4294967279,415
4294967279,189
4294967278,187
4294967278,53
4294967279,404
4294967279,185
4294967279,540
4294967278,319
4294967278,320
4294967294,460
4294967278,416
4294967278,166
4294967279,53
4294967279,385
4294967279,539
4294967294,482
4294967294,474
4294967294,470
4294967294,505
4294967278,304
4294967278,305
4294967279,306
4294967278,144
4294967278,139
4294967279,278
4294967278,133
4294967279,449
4294967278,269
4294967279,289
4294967278,414
4294967278,264
4294967279,286
4294967278,263
4294967279,445
4294967279,264
4294967278,413
4294967278,372
4294967279,459
4294967278,371
4294967294,9
4294967279,538
4294967279,442
4294967279,455
4294967279,255
4294967278,412
4294967279,537
4294967278,254
4294967279,438
4294967279,253
4294967278,364
4294967279,245
4294967278,411
4294967278,237
4294967278,236
4294967294,506
4294967294,1765
4294967279,519
4294967279,230
4294967278,224
4294967278,222
4294967279,221
4294967279,433
4294967278,355
4294967278,204
4294967294,1177
4294967278,203
4294967279,423
4294967279,203
4294967279,129
4294967279,128
4294967279,303
4294967279,34
4294967279,302
4294967279,301
4294967279,300
4294967279,453
4294967279,297
4294967279,138
4294967279,452
4294967279,451
4294967279,450
4294967279,19
4294967279,18
4294967279,17
4294967279,11
4294967279,10
4294967279,7
4294967279,6
4294967278,197
4294967278,409
4294967279,413
4294967294,496
4294967279,192
4294967279,536
4294967278,182
4294967278,179
4294967278,177
4294967294,459
4294967279,391
4294967294,1718
4294967294,1722
4294967294,1720
4294967294,491
4294967294,1070
4294967294,1074
4294967278,405
4294967278,142
4294967294,458
4294967294,1696
4294967294,457
4294967279,273
4294967278,282
4294967279,16
4294967279,448
4294967279,447
4294967278,266
4294967279,14
4294967279,288
4294967279,13
4294967294,456
4294967279,287
4294967279,268
4294967279,446
4294967278,8
4294967278,261
4294967278,9
4294967279,9
4294967279,8
4294967279,285
4294967278,7
4294967279,262
4294967278,6
4294967278,418
4294967294,455
4294967294,1717
4294967294,467
4294967278,389
4294967278,4
4294967278,5
4294967279,5
4294967279,4
4294967279,281
4294967278,388
4294967279,132
4294967279,444
4294967279,130
4294967279,457
4294967279,443
4294967279,535
4294967279,131
4294967279,456
4294967278,385
4294967278,383
4294967278,256
4294967278,174
4294967278,255
4294967279,127
4294967278,253
35,6
4294967279,250
4294967279,534
4294967279,249
35,5
4294967278,247
4294967278,244
35,4
4294967278,242
35,3
35,2
35,1
4294967278,241
4294967278,240
4294967279,533
4294967278,238
4294967279,435
4294967294,1708
4294967294,498
4294967294,477
4294967279,236
4294967279,434
4294967278,235
4294967279,234
4294967278,233
4294967294,453
4294967278,228
4294967278,229
4294967279,532
4294967278,226
4294967279,531
4294967279,222
4294967279,223
4294967278,221
4294967278,211
4294967279,431
4294967279,430
4294967279,429
4294967279,530
4294967278,206
4294967278,132
4294967278,131
4294967278,370
4294967278,130
4294967278,129
4294967278,128
4294967278,368
4294967278,127
4294967278,126
4294967278,125
4294967278,366
4294967278,124
4294967278,365
4294967278,123
4294967278,249
4294967278,120
4294967278,119
4294967278,245
4294967278,118
4294967278,243
4294967278,117
4294967278,116
4294967278,363
4294967278,362
4294967278,113
4294967278,112
4294967278,111
4294967278,417
4294967278,110
4294967278,109
4294967278,108
4294967278,107
4294967278,106
4294967278,105
4294967278,104
4294967278,102
4294967278,101
4294967278,98
4294967278,97
4294967278,95
4294967278,67
4294967278,60
4294967278,59
4294967279,441
4294967279,440
4294967279,126
4294967279,439
4294967279,121
4294967279,436
4294967279,120
4294967279,247
4294967279,119
4294967279,118
4294967279,241
4294967279,116
4294967279,111
4294967279,110
4294967279,108
4294967279,107
4294967279,106
4294967279,105
4294967279,99
4294967279,98
4294967279,97
4294967279,91
4294967279,86
4294967279,81
4294967279,60
4294967279,59
4294967279,57
4294967278,92
4294967278,352
4294967279,90
4294967279,89
4294967279,87
4294967278,84
4294967279,416
4294967278,194
4294967294,68
4294967294,11
4294967294,104
4294967294,106
4294967294,476
4294967279,412
4294967279,79
4294967279,411
4294967279,76
4294967279,408
4294967279,406
4294967279,75
4294967279,517
4294967278,183
4294967278,70
4294967279,69
4294967279,182
4294967294,1429
4294967294,1434
4294967294,480
4294967294,489
4294967294,1716
4294967294,1714
4294967279,179
4294967278,324
4294967279,62
4294967279,176
4294967278,176
34,5
4294967279,61
34,4
34,3
34,2
34,1
4294967279,171
4294967278,57
4294967278,317
4294967279,388
4294967279,529
4294967279,528
4294967279,164
33,5
33,4
33,3
33,2
33,1
4294967278,159
4294967294,81
4294967294,50
4294967278,152
4294967279,152
4294967279,151
32,4
4294967278,149
32,3
32,2
32,1
4294967279,149
31,4
4294967278,145
31,3
31,2
31,1
4294967279,145
4294967279,142
23,5
30,4
30,3
30,2
30,1
4294967294,1053
29,4
4294967279,135
29,3
29,2
29,1
4294967279,274
4294967294,1442
4294967294,1456
4294967294,113
4294967294,485
4294967294,1710
4294967279,271
4294967294,1174
4294967294,1065
4294967294,5
4294967278,346
4294967279,527
4294967279,246
4294967279,240
4294967294,1445
4294967294,1453
4294967294,1430
4294967294,1441
4294967294,1444
4294967294,1443
4294967294,504
4294967294,475
4294967294,1699
4294967294,487
4294967294,1711
26,4
26,3
26,2
26,1
4294967279,516
4294967278,103
4294967278,216
4294967279,220
25,4
25,3
25,2
25,1
4294967278,217
4294967279,218
4294967279,515
4294967278,214
4294967279,280
4294967294,1766
4294967278,213
4294967279,214
4294967279,432
4294967294,1776
4294967279,213
4294967278,99
4294967278,359
4294967278,96
4294967279,212
4294967278,210
4294967279,211
23,4
4294967278,209
23,3
23,2
23,1
4294967278,415
4294967294,448
4294967294,1079
4294967294,1076
4294967294,1067
4294967294,1081
4294967294,1152
4294967279,428
4294967294,1775
4294967294,1773
4294967294,417
4294967278,205
4294967279,208
4294967279,427
4294967278,94
4294967278,354
4294967278,353
4294967279,207
22,6
4294967279,425
4294967278,90
4294967278,202
4294967279,92
4294967279,205
4294967279,424
4294967278,91
4294967278,351
4294967278,350
4294967279,204
22,5
4294967278,200
4294967279,201
22,4
4294967278,199
22,3
22,2
22,1
4294967279,200
4294967278,198
4294967279,85
4294967279,518
4294967278,195
4294967279,84
4294967279,198
4294967279,417
21,5
4294967278,81
4294967278,341
4294967278,193
4294967279,194
21,4
4294967278,192
21,3
21,2
21,1
4294967279,193
4294967294,1772
4294967294,1447
4294967294,1769
4294967278,191
4294967279,78
4294967279,410
4294967294,1189
4294967278,188
4294967279,77
4294967279,409
4294967279,190
20,5
4294967278,71
4294967279,188
4294967278,186
4294967279,187
20,4
4294967278,185
20,3
20,2
20,1
4294967279,186
4294967278,184
4294967278,68
4294967278,181
4294967294,1052
4294967279,184
4294967279,514
4294967279,183
4294967279,513
4294967279,68
4294967278,178
4294967279,181
4294967279,399
4294967278,326
4294967278,325
4294967279,180
4294967278,175
4294967279,178
4294967278,323
4294967279,177
4294967278,61
4294967278,321
4294967278,58
4294967279,175
4294967278,172
4294967279,173
4294967278,171
4294967278,410
4294967279,172
4294967278,170
4294967279,58
4294967279,390
4294967278,169
4294967279,170
4294967278,168
4294967279,169
4294967279,387
4294967278,167
4294967294,1727
4294967279,168
4294967279,512
4294967279,414
4294967278,165
4294967279,166
4294967278,164
4294967279,165
4294967294,1806
4294967278,163
4294967278,162
4294967279,163
4294967278,161
4294967279,162
4294967278,160
4294967279,161
4294967279,160
4294967278,158
4294967279,159
15,4
4294967278,157
15,3
15,2
15,1
4294967279,158
4294967294,1245
4294967294,1438
4294967294,1440
4294967294,479
4294967294,502
4294967294,116
4294967294,494
4294967294,471
4294967278,156
4294967278,155
4294967279,155
4294967278,154
14,4
4294967279,154
14,3
14,2
14,1
4294967278,153
4294967279,153
4294967294,1726
4294967279,150
4294967278,150
4294967278,148
4294967279,148
4294967279,147
4294967278,146
4294967279,146
4294967294,89
4294967294,1168
4294967294,1073
4294967294,1156
4294967294,1084
4294967294,1085
4294967294,1158
4294967294,1154
4294967279,143
4294967278,143
0,5
12,5
4294967279,141
12,4
4294967279,140
12,3
12,2
12,1
4294967279,139
4294967279,279
4294967278,276
4294967279,137
11,4
11,3
11,2
11,1
4294967279,136
4294967279,133
10,4
4294967279,296
10,3
10,2
10,1
4294967279,295
4294967279,272
4294967294,1433
9,6
4294967279,269
9,5
4294967278,280
